3.14159265358979323846264338327950288419716939937510582097
4944592307816406286208998628034825342117067982148086513282
3066470938446095505822317253594081284811174502841027019385
2110555964462294895493038196442881097566593344612847564823
3786783165271201909145648566923460348610454326648213393607
2602491412737245870066063155881748815209209628292540917153
6436789259036001133053054882046652138414695194151160943305
7270365759591953092186117381932611793105118548074462379962
7495673518857527248912279381830119491298336733624406566430
8602139494639522473719070217986094370277053921717629317675
2384674818467669405132000568127145263560827785771342757789
6091736371787214684409012249534301465495853710507922796892
5892354201995611212902196086403441815981362977477130996051
8707211349999998372978049951059731732816096318595024459455
3469083026425223082533446850352619311881710100031378387528
8658753320838142061717766914730359825349042875546873115956
2863882353787593751957781857780532171226806613001927876611
1959092164201989380952572010654858632788659361533818279682
3030195203530185296899577362259941389124972177528347913151
5574857242454150695950829533116861727855889075098381754637
4649393192550604009277016711390098488240128583616035637076
6010471018194295559619894676783744944825537977472684710404
7534646208046684259069491293313677028989152104752162056966
0240580381501935112533824300355876402474964732639141992726
0426992279678235478163600934172164121992458631503028618297
4555706749838505494588586926995690927210797509302955321165
3449872027559602364806654991198818347977535663698074265425
2786255181841757467289097777279380008164706001614524919217
3217214772350141441973568548161361157352552133475741849468
4385233239073941433345477624168625189835694855620992192221
8427255025425688767179049460165346680498862723279178608578
4383827967976681454100953883786360950680064225125205117392
9848960841284886269456042419652850222106611863067442786220
3919494504712371378696095636437191728746776465757396241389
0865832645995813390478027590099465764078951269468398352595
7098258226205224894077267194782684826014769909026401363944
3745530506820349625245174939965143142980919065925093722169
6461515709858387410597885959772975498930161753928468138268
6838689427741559918559252459539594310499725246808459872736
4469584865383673622262609912460805124388439045124413654976
2780797715691435997700129616089441694868555848406353422072
2258284886481584560285060168427394522674676788952521385225
4995466672782398645659611635488623057745649803559363456817
4324112515076069479451096596094025228879710893145669136867
2287489405601015033086179286809208747609178249385890097149
0967598526136554978189312978482168299894872265880485756401
4270477555132379641451523746234364542858444795265867821051
1413547357395231134271661021359695362314429524849371871101
4576540359027993440374200731057853906219838744780847848968
3321445713868751943506430218453191048481005370614680674919
2781911979399520614196634287544406437451237181921799983910
1591956181467514269123974894090718649423196156794520809514
6550225231603881930142093762137855956638937787083039069792
0773467221825625996615014215030680384477345492026054146659
2520149744285073251866600213243408819071048633173464965145
3905796268561005508106658796998163574736384052571459102897
0641401109712062804390397595156771577004203378699360072305
5876317635942187312514712053292819182618612586732157919841
4848829164470609575270695722091756711672291098169091528017
3506712748583222871835209353965725121083579151369882091444
2100675103346711031412671113699086585163983150197016515116
8517143765761835155650884909989859982387345528331635507647
9185358932261854896321329330898570642046752590709154814165
4985946163718027098199430992448895757128289059232332609729
9712084433573265489382391193259746366730583604142813883032
0382490375898524374417029132765618093773444030707469211201
9130203303801976211011004492932151608424448596376698389522
8684783123552658213144957685726243344189303968642624341077
3226978028073189154411010446823252716201052652272111660396
6655730925471105578537634668206531098965269186205647693125
7058635662018558100729360659876486117910453348850346113657
6867532494416680396265797877185560845529654126654085306143
4443185867697514566140680070023787765913440171274947042056
2230538994561314071127000407854733269939081454664645880797
2708266830634328587856983052358089330657574067954571637752